77
152
227
302
377
452
527
602
677
752
827
902
977
1052
1127
1202
78
153
228
303
378
453
528
603
678
753
828
903
978
1053
1128
1203
229
304
379
454
529
604
679
754
829
904
979
1054
1129
230
305
380
455
530
605
680
755
830
905
980
1055
1130
231
306
381
456
531
606
681
756
831
906
981
1056
1131
232
307
382
457
532
607
682
757
832
907
982
1057
1132
233
308
383
458
533
608
683
758
833
908
983
1058
1133
234
309
384
459
534
609
684
759
834
909
984
1059
1134
85
160
235
310
385
460
535
610
685
760
835
910
985
1060
1135
1210
86
161
236
311
386
461
536
611
686
761
836
911
986
1061
1136
1211
87
162
237
312
387
462
537
612
687
762
837
912
987
1062
1137
1212
88
163
238
313
388
463
538
613
688
763
838
913
988
1063
1138
1213
89
164
239
314
389
464
539
614
689
764
839
914
989
1064
1139
1214
90
165
240
315
390
465
540
615
690
765
840
915
990
1065
1140
1215
91
166
241
316
391
466
541
616
691
766
841
916
991
1066
1141
1216
92
167
242
317
392
467
542
617
692
767
842
917
992
1067
1142
1217
93
168
243
318
393
468
543
618
693
768
843
918
993
1068
1143
1218
94
169
244
319
394
469
544
619
694
769
844
919
994
1069
1144
1219
95
170
245
320
395
470
545
620
695
770
845
920
995
1070
1145
1220
96
171
246
321
396
471
546
621
696
771
846
921
996
1071
1146
1221
97
172
247
322
397
472
547
622
697
772
847
922
997
1072
1147
1222
98
173
248
323
398
473
548
623
698
773
848
923
998
1073
1148
1223
249
324
399
474
549
624
699
774
849
924
999
1074
1149
250
325
400
475
550
625
700
775
850
925
1000
1075
1150
251
326
401
476
551
626
701
776
851
926
1001
1076
1151
252
327
402
477
552
627
702
777
852
927
1002
1077
1152
253
328
403
478
553
628
703
778
853
928
1003
1078
1153
254
329
404
479
554
629
704
779
854
929
1004
1079
1154
255
330
405
480
555
630
705
780
855
930
1005
1080
1155
106
181
256
331
406
481
556
631
706
781
856
931
1006
1081
1156
1231
107
182
257
332
407
482
557
632
707
782
857
932
1007
1082
1157
1232
108
183
258
333
408
483
558
633
708
783
858
933
1008
1083
1158
1233
109
184
259
334
409
484
559
634
709
784
859
934
1009
1084
1159
1234
110
185
260
335
410
485
560
635
710
785
860
935
1010
1085
1160
1235
111
186
261
336
411
486
561
636
711
786
861
936
1011
1086
1161
1236
112
187
262
337
412
487
562
637
712
787
862
937
1012
1087
1162
1237
113
188
263
338
413
488
563
638
713
788
863
938
1013
1088
1163
1238
114
189
264
339
414
489
564
639
714
789
864
939
1014
1089
1164
1239
265
340
415
490
565
640
715
790
865
940
1015
1090
1165
266
341
416
491
566
641
716
791
866
941
1016
1091
1166
267
342
417
492
567
642
717
792
867
942
1017
1092
1167
268
343
418
493
568
643
718
793
868
943
1018
1093
1168
269
344
419
494
569
644
719
794
869
944
1019
1094
1169
270
345
420
495
570
645
720
795
870
945
1020
1095
1170
121
196
271
346
421
496
571
646
721
796
871
946
1021
1096
1171
1246
122
197
272
347
422
497
572
647
722
797
872
947
1022
1097
1172
1247
123
198
273
348
423
498
573
648
723
798
873
948
1023
1098
1173
1248
124
199
274
349
424
499
574
649
724
799
874
949
1024
1099
1174
1249
125
200
275
350
425
500
575
650
725
800
875
950
1025
1100
1175
1250
126
201
276
351
426
501
576
651
726
801
876
951
1026
1101
1176
1251
277
352
427
502
577
652
727
802
877
952
1027
1102
1177
278
353
428
503
578
653
728
803
878
953
1028
1103
1178
279
354
429
504
579
654
729
804
879
954
1029
1104
1179
280
355
430
505
580
655
730
805
880
955
1030
1105
1180
281
356
431
506
581
656
731
806
881
956
1031
1106
1181
132
207
282
357
432
507
582
657
732
807
882
957
1032
1107
1182
1257
133
208
283
358
433
508
583
658
733
808
883
958
1033
1108
1183
1258
134
209
284
359
434
509
584
659
734
809
884
959
1034
1109
1184
1259
135
210
285
360
435
510
585
660
735
810
885
960
1035
1110
1185
1260
136
211
286
361
436
511
586
661
736
811
886
961
1036
1111
1186
1261
137
212
287
362
437
512
587
662
737
812
887
962
1037
1112
1187
1262
138
213
288
363
438
513
588
663
738
813
888
963
1038
1113
1188
1263
139
214
289
364
439
514
589
664
739
814
889
964
1039
1114
1189
1264
140
215
290
365
440
515
590
665
740
815
890
965
1040
1115
1190
1265
141
216
291
366
441
516
591
666
741
816
891
966
1041
1116
1191
1266
142
217
292
367
442
517
592
667
742
817
892
967
1042
1117
1192
1267
143
218
293
368
443
518
593
668
743
818
893
968
1043
1118
1193
1268
144
219
294
369
444
519
594
669
744
819
894
969
1044
1119
1194
1269
145
220
295
370
445
520
595
670
745
820
895
970
1045
1120
1195
1270
146
221
296
371
446
521
596
671
746
821
896
971
1046
1121
1196
1271
